100000.008
 99943.086
 99829.305
 99715.609
 99602.016
 99488.508
 99375.094
 99261.773
 99148.547
 99035.414
 98922.367
 98809.422
 98696.562
 98583.797
 98471.117
 98358.539
 98246.047
 98133.648
 98021.344
 97909.125
 97797.000
 97684.969
 97573.031
 97461.180
 97349.422
 97237.758
 97126.188
 97014.703
 96903.312
 96792.016
 96680.805
 96569.688
 96458.664
 96347.727
 96236.891
 96126.133
 96015.477
 95904.906
 95794.422
 95684.039
 95573.742
 95463.531
 95353.422
 95243.391
 95133.461
 95023.617
 94913.867
 94804.203
 94694.633
 94585.148
 94475.758
 94366.461
 94257.250
 94148.125
 94039.102
 93930.156
 93821.312
 93712.555
 93603.883
 93495.305
 93386.812
 93278.414
 93170.109
 93061.891
 92953.758
 92845.719
 92737.773
 92629.906
 92522.141
 92414.461
 92306.867
 92199.367
 92091.953
 91984.633
 91877.398
 91770.250
 91663.195
 91556.234
 91449.352
 91342.570
 91235.867
 91129.258
 91022.742
 90916.305
 90809.961
 90703.711
 90597.547
 90491.469
 90385.484
 90279.586
 90173.773
 90068.055
 89962.422
 89856.875
 89751.422
 89646.055
 89540.773
 89435.586
 89330.484
 89225.469
 89120.539
 89015.703
 88910.953
 88806.289
 88701.719
 88597.234
 88492.836
 88388.523
 88284.305
 88180.172
 88076.125
 87972.164
 87868.297
 87764.508
 87660.812
 87557.211
 87453.688
 87350.250
 87246.906
 87143.648
 87040.477
 86937.391
 86834.398
 86731.492
 86628.664
 86525.930
 86423.281
 86320.719
 86218.250
 86115.859
 86013.562
 85911.344
 85809.219
 85707.180
 85605.227
 85503.359
 85401.578
 85299.883
 85198.281
 85096.758
 84995.328
 84893.977
 84792.719
 84691.539
 84590.453
 84489.445
 84388.531
 84287.703
 84186.961
 84086.297
