1.161278
1.160806
1.159862
1.158918
1.157975
1.157033
1.156090
1.155149
1.154207
1.153267
1.152326
1.151386
1.150447
1.149508
1.148569
1.147631
1.146694
1.145756
1.144820
1.143884
1.142948
1.142012
1.141078
1.140143
1.139209
1.138276
1.137343
1.136410
1.135478
1.134546
1.133615
1.132684
1.131754
1.130824
1.129895
1.128966
1.128038
1.127110
1.126182
1.125255
1.124328
1.123402
1.122477
1.121552
1.120627
1.119702
1.118778
1.117855
1.116932
1.116010
1.115088
1.114166
1.113245
1.112324
1.111404
1.110484
1.109565
1.108646
1.107728
1.106810
1.105893
1.104975
1.104059
1.103143
1.102227
1.101312
1.100397
1.099483
1.098569
1.097656
1.096743
1.095831
1.094918
1.094007
1.093096
1.092185
1.091275
1.090365
1.089456
1.088547
1.087639
1.086731
1.085824
1.084917
1.084010
1.083104
1.082199
1.081293
1.080389
1.079484
1.078580
1.077677
1.076774
1.075872
1.074970
1.074068
1.073167
1.072267
1.071366
1.070467
1.069567
1.068669
1.067770
1.066872
1.065975
1.065078
1.064181
1.063285
1.062390
1.061494
1.060600
1.059705
1.058812
1.057918
1.057025
1.056133
1.055241
1.054349
1.053458
1.052567
1.051677
1.050788
1.049898
1.049009
1.048121
1.047233
1.046345
1.045458
1.044572
1.043686
1.042800
1.041915
1.041030
1.040146
1.039262
1.038378
1.037495
1.036613
1.035731
1.034849
1.033968
1.033087
1.032207
1.031327
1.030448
1.029569
1.028690
1.027812
1.026935
1.026057
1.025181
